17 257 一号线 二号线 三号线 三号线北延段 四号线 五号线 六号线 七号线 八号线 九号线 十三号线 十四号线 二十一号线 广佛线 APM线 十四号线支线 有轨电车THZ1     
0	广州东站	2	0	3		3	1 2 	64 2    65 1	    	
1	体育中心	1	0			2	0 2 	2 2	    
2	体育西路	3	0	2	3	5	1 2 	3 3 	43 2	44 2	65 2      
3	杨箕	    2	0	5		4	2 3 	4 2 	97 2	98 2      
4	东山口	    2	0	6		4	3 2 	5 2 	96 1	118 3     
5	烈士陵园	1	0			2	4 2 	6 2     
6	农讲所	    1	0			2	5 2 	7 2     
7	公园前	    2	0	1		4	6 2 	8 1 	26 1	27 2      
8	西门口	    1	0			2	7 1 	9 2     
9	陈家祠	    2	0	8		4	8 2 	10 2	147 2	148 2     
10	长寿路  	1	0			2	9 2 	11 2        
11	黄沙	    2	0	6		4	10 2	12 2	113 2	114 2     
12	芳村	    1	0			2	11 2 	13 2  
13	花地湾	    1	0			2	12 2	14 2        
14	坑口	    1	0			2	13 2 	15 2 
15	西i	    2	0	13		3	14 2	226 2	227 3    
16	嘉禾望岗	3	1	3	11	4	17 2 	58 6	59 3	191 3 
17	黄边	    1	1			2	16 2	18 2  
18	江夏	    1	1			2	17 2	19 3    
19	萧岗	    1	1			2	18 3	20 2  
20	白云文化广场	1	1		 2	 19 2	 21 2  
21	白云公园	1	1			2	20 2	 22 2  
22	飞翔公园	1	1			2	21 2	23 3  
23	三元里	1	1			    2	22 3	24 2  
24	广州火车站	2	1	5		4	23 2	25 2	93 3 	94 4  
25	越秀公园	1	1			2	24 2	26 2  
26	纪念堂	    1	1			2	25 2	7 1  
27	海珠广场	2	1	6		4	7 2 	28 2	115 1	116 2 
28	市二宫	    1	1			2	27 2	29 2		     
29	江南西	    1	1			2	28 2	30 2  
30	昌岗	    2	1	8		4	29 2	31 1	152 2	153 1 
31	江泰路	    1	1			2	30 1	32 3	    
32	东晓南	    1	1			2	31 3	33 2  
33	南洲	    2	1	13		4	32 2	34 3	48 4	230 2    
34	洛溪	    1	1			2	33 3	35 3   
35	南浦	    1	1			2	34 3	36 3  
36	会江	    1	1			2	35 3	37 3   
37	石壁	    2	1	7		3	36 3	38 3	133 3 
38	广州南站	2	1	7		1	37 2  
39	天河客运站	2	2	6		3	40 3 	64 3  	122 2 
40	五山	    1	2			2	39 3	41 2  
41	华师	    1	2			2	40 2	42 2  
42	岗顶	    1	2			2	41 2	43 1  
43	石牌桥	    1	2			2	2 2	    42 1      
44	珠江新城	2	2	5		4	2 2 	45 2	98 2	99 2  
45	广州塔	    2	2	14		3	44 2	46 2	237 1 
46	客村	    2	2	8		4	45 2	47 2	155 2	156 3    
47	大塘	    1	2			2	46 2	48 3      
48	沥	    2	2	13		3	33 4  	47 3	49 2  
49	厦	    1	2			2	48 2	50 3  
50	大石	    1	2			2	49 3	51 3  
51	汉溪长隆	2	2	7		4	50 3	52 7	134 3	135 3 
52	市桥	    1	2			2	51 7	53 4  
53	番禺广场	1	2			1	52 4    
54	机场北	    1	3			1	55 1  
55	机场南	    1	3			2	54 1	56 4  
56	高增	    2	3	9		3	55 4	57 4	169 5 
57	人和	    1	3			2	56 4	58 3  
58	龙归	    1	3			2	16 6	57 3 	    
59	白云大道北	1	3			 2	 16 3	 60 1    
60	永泰	    1	3			2	59 1	61 4  
61	同和	    1	3			2	60 4	62 2  
62	京溪南方医院 1	3			 2	 61 2	 63 2  
63	梅花园	    1	3			2	62 2	64 2  
64	燕塘	    2	3	6		4	0 2 	39 3    63 2	121 2	    
65	林和西	    2	3	14		3	0 1 	2 2 	231 2 
66	南沙客运港	1	4			1	67 3  
67	南横	    1	4			2	66 3	68 2      
68	塘坑	    1	4			2	67 2	69 2  
69	大涌	    1	4			2	68 2	70 3  
70	广隆	    1	4			2	69 3 	71 2  
71	飞沙角	    1	4			2	70 2	72 2  
72	金洲	    1	4			2	71 2	73 2  
73	蕉门	    1	4			2	72 2	74 3  
74	黄阁	    1	4			2	73 3	75 2  
75	黄阁汽车城	1	4			 2	 74 2	 76 4     
76	庆盛	    1	4			2	75 4	77 3  
77	东涌	    1	4			2	76 3	78 3  
78	低涌	    1	4			2	77 3	79 3  
79	海傍	    1	4			2	78 3	80 2  
80	石	    1	4			2	79 2 	81 9  
81	新造	    1	4			2	80 9	82 3  
82	大学城南	2	4	7		3	81 3	83 2	137 5 
83	大学城北	1	4			2	82 2	84 2  
84	官洲	    1	4			2	83 2	85 4  
85	万胜围	    2	4	8		3	84 4	86 2	159 2	    
86	车陂南	    2	4	5		4	85 2	87 2	102 2	103 3 
87	车陂	    1	4			2	86 2	88 2  
88	黄村	    2	4	12		3	87 2	207 2	208 3        
89	蚩	    1	5			1	90 3  
90	坦尾	    2	5	6		4	89 3	91 2	112 2	113 3 
91	中山八	    1	5			2	90 2	92 3  
92	西场	    1	5			2	91 3	93 1  
93	西村（八号线暂不停靠）	    2	5	8		4	24 3 	92 1    146 2   147 2    
94	小北	    1	5			2	24 4 	95 2      
95	淘金	    1	5			2	94 2	96 2  
96	区庄	    2	5	6		4	4 1    	95 2	97 2	119 2 
97	动物园	    1	5			2	3 2   	96 2  
98	五羊	    1	5			2	3 2 	44 2  
99	猎德	    1	5			2	44 2	100 2 
100	潭村	    1	5			2	99 2	101 2 
101	员村	    2	5	12		3	100 2	102 3	209 2         
102	科韵路	    1	5			2	86 2 	101 3 
103	东圃	    1	5			2	86 3	104 3 
104	三溪	    1	5			2	103 3	105 3 
105	鱼珠	    2	5	10		3	104 3	106 2	179 3 
106	大沙地	    1	5			2	105 2	107 2    
107	大沙东	    1	5			2	106 2	108 3 
108	文冲	    1	5			1	107 3 
109	浔峰岗	    1	6			1	110 2 
110	横沙	    1	6			2	109 2	111 1 
111	沙贝	    1	6			2	110 1	112 3 
112	河沙	    1	6			2	90 2	111 3	
113	如意坊	    1	6			2	11 2	90 3	
114	文化公园	2	6	8		4	11 2	115 2	148 2	149 2 
115	一德路	    1	6			2	27 1	114 2	
116	北京路	    1	6			2	27 2	117 1 
117	团一大广场	1	6			2	116 1	118 2	
118	东湖	    1	6			2	4 3 	117 2 
119	黄花岗	    1	6			2	96 2	120 2 
120	沙河顶	    1	6			2	119 2	121 3 
121	天平架	    1	6			2	64 2	120	3         
122	长	    1	6			2	39 2	123 3 
123	植物园	    1	6			2	122 3	124 3 
124	龙洞	    1	6			2	123 3	125 3 
125	柯木i	    1	6			2	124 3	126 2 
126	高塘石	    1	6			2	125 2	127 3 
127	黄陂	    1	6			2	126 3	128 3 
128	金峰	    1	6			2	127 3	129 3   
129	暹岗	    1	6			2	128 3	130 1   
130	苏元	    2	6	12		4	129 1	131 3	203 3	204 3 
131	萝岗	    1	6			2	130 3	132 2 
132	香雪	    1	6			1	131 2 
133	谢村	    1	7			2	37 3	134 4 
134	钟村	    1	7			2	51 3	133 4	    
135	南村万博	1	7			2	51 3	136 4 
136	员岗	    1	7			2	135 4	137 3 
137	板桥	    1	7			2	82 5	136 3	    
138	蛐	    1	8			1	139 3 
139	亭岗	    1	8			2	138 3	140 3 
140	石井	    1	8			2	139 3	141 4 
141	小坪	    1	8			2	140 4	142 2  
142	石潭	    1	8			2	141 2	143 2 
143	聚龙	    1	8			2	142 2	144 2 
144	上步	    1	8			2	143 2	145 2 
145	同德	    1	8			2	144 2	146 2 
146	鹅掌坦	    1	8			2	145 2	93 2 
147	彩虹桥（八号线暂不停靠）	    1	8			2	9 2 	93 2	
148	华林寺	    1	8			2	9 2 	114 2 
149	同福西	    1	8			2	114 2	150 2 
150	凤凰新村	1	8			2	149 2	151 2 
151	沙园	    2	8	13		4	150 2	152 2	228 3	229 3  
152	宝岗大道	1	8			2	30 2	151 2	    
153	晓港	    1	8			2	30 1	154 3  
154	中大	    1	8			2	153 3	155 3	    
155	鹭江	    1	8			2	46 2	154 3 
156	赤岗	    1	8			2	46 3	157 1 
157	磨碟沙	    1	8			2	156 1	158 3 
158	新港东	    1	8			2	157 3	159 2  
159	琶洲	    1	8			2	85 2	158 2	    
160	飞鹅岭	    1	9			1	161 3 
161	花都汽车城	1	9			2	160 3	162 3 
162	广州北站	1	9			2	161 3	163 2 
163	花城路	    1	9			2	162 2	164 2 
164	花果山公园	1	9			2	163 2	165 3 
165	花都广场	1	9			2	164 3	166 2 
166	马鞍山公园	1	9			2	165 2	167 2 
167	莲塘	    1	9			2	166 2	168 3 
168	清布	    1	9			2	167 3	169 2 
169	清塘	    1	9			2	56 5	168 2	    
170	新沙	    1	10			1 	171 2 
171	官湖	    1	10			2	170 3	172 3 
172	新塘	    1	10			2	171 3	173 3 
173	白江	    1	10			2	172 3	174 4 
174	沙村	    1	10			2	173 4	175 4 
175	南岗	    1	10			2	174 4	176 4 
176	夏园	    1	10			2	175 4	177 2  
177	南海神庙	1	10			2	176 2	178 4 
178	双岗	    1	10			2	177 4	179 2 
179	裕丰围	    1	10			2	105 3	178 2 
180	东风	    1	11			1	181 3 
181	从化客运站	1	11			2	180 3	182 4 
182	赤草	    1	11			2	181 4	183 5 
183	神岗	    1	11			2	182 5	184 4 
184	太平	    1	11			2	183 4	185 4 
185	新和	    2	11	15		3	184 4	186 3	238 3        
186	马沥	    1	11			2	185 3	187 4 
187	钟落潭	    1	11			2	186 4	188 4 
188	竹料	    1	11			2	187 4	189 5  
189	太和	    1	11			2	188 5	190 4 
190	夏良	    1	11			2	189 4	191 3 
191	白云东平	1	11			2	16  3	190 3	    
192	增城广场	1	12			1	193 3   
193	钟岗	    1	12			2	192 3	194 5 
194	山田	    1	12			2	193 5	195 4 
195	朱村	    1	12			2	194 4	196 3 
196	凤岗	    1	12			2	195 3	197 3 
197	坑贝	    1	12			2	196 3	198 4 
198	中新	    1	12			2	197 4	199 3 
199	镇龙	    2	12	15		3	198 3	200 3	245 2 
200	镇龙西	    1	12			2	199 3	201 8 
201	金坑	    1	12			2	200 8	202 7 
202	长平	    1	12			2	201 7	203 4 
203	水西	    1	12			2	130 3	202 4 
204	科学城	    1	12			2	130 3	205 3 
205	神舟路	    1	12			2	204 3	206 4 
206	天河智慧城	1	12			2	205 4	207 2 
207	大观南路	1	12			2	88 2	206 2	
208	棠东	    1	12			2	88 3	209 4 
209	天河公园	1	12			2	208 4	101 2 
210	新城东 	    1	13			1	211 2 
211	东平	    1	13			2	210 2	212 2 
212	世纪莲	    1	13			2	211 2	213 4 
213	澜石	    1	13			2	212 4	214 2 
214	魁奇路	    1	13			2	213 2	215 2 
215	季华园	    1	13			2	214 2	216 2 
216	同济路	    1	13			2	215 2	217 2 
217	祖庙	    1	13			2	216 2	218 2 
218	普君北路	1	13			2	217 2	219 1 
219	朝安	    1	13			2	218 1	220 2 
220	桂城	    1	13			2	219 2	221 2 
221	南桂路	    1	13			2	220 2	222 2 
222	岗	    1	13			2	221 2	223 2 
223	千灯湖	    1	13			2	222 2	224 2 
224	金融高新区	1	13			2	223 2	225 4 
225	龙溪	    1	13			2	224 4	226 3 
226	菊树	    1	13			2	15 2	225 3	
227	鹤洞	    1	13			2	15 3	228 2 
228	沙涌	    1	13			2	151 3	227 2	
229	燕岗	    1	13			2	151 2	230 3 
230	石溪	    1	13			2	33 2	229 3	
231	体育中心南	1	14			2	65 2	232 1 
232	天河南	    1	14			2	231 1	233 1 
233	黄埔大道	1	14			2	232 1	234 2 
234	妇儿中心	1	14			2	233 2	235 1 
235	花城大道	1	14			2	234 1	236 1 
236	大剧院	    1	14			2	235 1	237 2	
237	海心沙	    1	14			2	45 1	236 2	
238	红卫	    1	15			2	185 3	239 3 
239	新南	    1	15			2	238 3	240 3 
240	枫下	    1	15			2	239 3	241 3 
241	知识城	    1	15			2	240 3	242 3 
242	何棠下	    1	15			2	241 3	243 2 
243	旺村	    1	15			2	242 2	244 2  
244	汤村	    1	15			2	243 2	245 3 
245	镇龙北	    1	15			2	199 2	244 3   	   
246 广州塔（有轨） 1 16          1   247 2 
247 广州塔东    1   16          2   246 2   248 3   
248 猎德大桥南  1   16          2   247 3   249 2 
249 琶醍       1   16          2   248 2   250 4 
250 南风        1   16          2   249 4   251 3  
251 会展西      1   16          2   250 3   252 2  
252 会展中      1   16          2   251 2   253 2  
253 会展东      1   16          2   252 2   254 3   
254 琶洲大桥南  1   16          2   253 3   255 3 
255 琶洲塔      1   16          2   254 3   256 3 
256 万胜围（有轨） 1 16         1   255 3   